200
200
201
201
201
201
200
200
200
200
200
200
200
200
200
200
200
200
201
201
200
200
200
200
200
200
200
200
200
200
201
201
200
200
200
200
200
200
199
199
200
200
201
201
200
200
200
200
200
200
200
200
200
200
200
200
200
200
201
201
200
200
200
200
200
200
200
200
200
200
200
200
200
200
200
200
201
201
200
200
200
200
200
200
200
200
200
200
200
200
201
201
200
200
200
200
200
200
201
201
199
199
200
200
200
200
200
200
200
200
200
200
199
199
200
200
200
200
200
200
201
201
200
200
200
200
200
200
200
200
200
200
200
200
200
200
199
199
201
201
205
205
211
211
216
216
223
223
230
230
240
240
249
249
260
260
271
271
281
281
293
293
304
304
316
316
328
328
339
339
352
352
363
363
375
375
386
386
397
397
409
409
420
420
431
431
443
443
453
453
464
464
474
474
483
483
492
492
499
499
505
505
511
511
515
515
519
519
522
522
524
524
524
524
525
525
526
526
526
526
524
524
523
523
522
522
520
520
519
519
518
518
516
516
514
514
513
513
512
512
511
511
510
510
510
510
508
508
508
508
508
508
507
507
507
507
507
507
507
507
507
507
507
507
507
507
508
508
507
507
508
508
508
508
508
508
509
509
509
509
508
508
509
509
509
509
509
509
509
509
509
509
509
509
509
509
509
509
509
509
509
509
509
509
509
509
509
509
509
509
509
509
509
509
509
509
509
509
509
509
511
511
509
509
509
509
509
509
509
509
509
509
509
509
509
509
509
509
509
509
508
508
509
509
509
509
508
508
509
509
509
509
509
509
509
509
509
509
510
510
509
509
510
510
509
509
509
509
509
509
509
509
509
509
509
509
510
510
509
509
509
509
509
509
509
509
509
509
508
508
509
509
509
509
509
509
509
509
509
509
510
510
509
509
509
509
509
509
509
509
509
509
510
510
509
509
509
509
509
509
509
509
509
509
509
509
509
509
509
509
509
509
509
509
509
509
509
509
509
509
509
509
509
509
509
509
509
509
509
509
