200
200
199
199
199
199
200
200
199
199
202
202
204
204
209
209
215
215
223
223
231
231
240
240
249
249
260
260
271
271
282
282
293
293
305
305
317
317
328
328
340
340
352
352
363
363
375
375
386
386
398
398
409
409
421
421
432
432
443
443
454
454
464
464
474
474
484
484
492
492
499
499
506
506
512
512
515
515
519
519
521
521
524
524
524
524
525
525
525
525
524
524
523
523
522
522
521
521
519
519
517
517
516
516
514
514
512
512
511
511
512
512
510
510
508
508
507
507
506
506
506
506
506
506
505
505
505
505
505
505
505
505
509
509
506
506
506
506
513
513
506
506
506
506
511
511
506
506
531
531
503
503
504
504
512
512
502
502
505
505
512
512
502
502
506
506
502
502
502
502
516
516
505
505
504
504
510
510
501
501
507
507
503
503
506
506
512
512
503
503
509
509
515
515
503
503
509
509
508
508
506
506
507
507
503
503
508
508
509
509
503
503
510
510
510
510
507
507
510
510
510
510
509
509
509
509
510
510
508
508
509
509
510
510
509
509
509
509
509
509
507
507
508
508
507
507
507
507
508
508
507
507
507
507
508
508
506
506
508
508
508
508
508
508
508
508
508
508
508
508
508
508
508
508
509
509
508
508
509
509
508
508
508
508
508
508
508
508
508
508
508
508
509
509
509
509
509
509
509
509
510
510
508
508
501
501
507
507
507
507
508
508
509
509
504
504
508
508
508
