310.00
309.00
306.00
302.00
295.00
288.00
280.00
270.00
260.00
251.00
241.00
228.00
218.00
206.00
194.00
184.00
172.00
160.00
148.00
137.00
125.00
113.00
101.00
89.00
78.00
67.00
57.00
47.00
35.00
26.00
18.00
10.00
4.00
-1.00
-6.00
-10.00
-11.00
-14.00
-14.00
-16.00
-15.00
-14.00
-13.00
-12.00
-11.00
-9.00
-8.00
-5.00
-4.00
-3.00
-2.00
-1.00
1.00
2.00
2.00
4.00
4.00
4.00
3.00
4.00
5.00
5.00
3.00
5.00
5.00
4.00
4.00
3.00
3.00
4.00
3.00
4.00
3.00
3.00
2.00
3.00
3.00
2.00
2.00
3.00
2.00
3.00
3.00
1.00
3.00
3.00
3.00
2.00
3.00
3.00
3.00
2.00
3.00
2.00
2.00
2.00
1.00
2.00
3.00
3.00
2.00
2.00
2.00
3.00
3.00
3.00
3.00
3.00
2.00
3.00
3.00
1.00
3.00
3.00
2.00
3.00
3.00
2.00
2.00
3.00
3.00
3.00
3.00
2.00
2.00
3.00
3.00
3.00
3.00
3.00
3.00
2.00
3.00
3.00
3.00
3.00
2.00
1.00
3.00
2.00
3.00
3.00
1.00
2.00
3.00
3.00
1.00
2.00
2.00
2.00
2.00
2.00
2.00
3.00
3.00
3.00
3.00
2.00
2.00
2.00
2.00
3.00
3.00
2.00
2.00
3.00
3.00
3.00
3.00
3.00
2.00
2.00
2.00
3.00
2.00
2.00
3.00
2.00
3.00
2.00
3.00
3.00
3.00
3.00
1.00
3.00
3.00
3.00
3.00
2.00
2.00
3.00
2.00
2.00
3.00
1.00
2.00
3.00
3.00
2.00
3.00
2.00
1.00
3.00
3.00
3.00
3.00
3.00
2.00
2.00
3.00
3.00
2.00
2.00
2.00
2.00
2.00
3.00
3.00
2.00
2.00
2.00
3.00
2.00
1.00
2.00
3.00
2.00
3.00
2.00
1.00
3.00
3.00
2.00
2.00
3.00
3.00
2.00
3.00
3.00
3.00
2.00
1.00
3.00
2.00
0.00
2.00
1.00
1.00
2.00
3.00
3.00
3.00
3.00
1.00
3.00
-6.00
0.00
-4.00
-2.00
-2.00
6.00
-3.00
7.00
3.00
7.00
1.00
0.00
6.00
7.00
8.00
6.00
6.00
5.00
5.00
5.00
5.00
5.00
4.00
5.00
3.00
3.00
3.00
2.00
2.00
2.00
1.00
1.00
1.00
-2.00
1.00
3.00
2.00
1.00
2.00
2.00
2.00
3.00
-2.00
-4.00
4.00
4.00
4.00
5.00
3.00
4.00
2.00
3.00
3.00
3.00
2.00
-3.00
-3.00
-1.00
3.00
10.00
3.00
3.00
-1.00
-2.00
-1.00
-1.00
0.00
0.00
-3.00
8.00
2.00
10.00
8.00
8.00
-1.00
2.00
