311.00
308.00
306.00
300.00
295.00
288.00
280.00
270.00
261.00
251.00
240.00
229.00
217.00
205.00
195.00
183.00
171.00
159.00
148.00
136.00
125.00
114.00
102.00
91.00
78.00
67.00
56.00
46.00
36.00
27.00
19.00
11.00
4.00
0.00
-4.00
-9.00
-13.00
-12.00
-13.00
-14.00
-15.00
-13.00
-13.00
-13.00
-9.00
-11.00
-9.00
-8.00
-5.00
-3.00
-5.00
-2.00
-2.00
0.00
2.00
1.00
2.00
2.00
4.00
4.00
3.00
3.00
5.00
4.00
4.00
4.00
4.00
3.00
3.00
2.00
2.00
1.00
1.00
1.00
2.00
1.00
3.00
2.00
2.00
2.00
0.00
2.00
2.00
1.00
2.00
2.00
3.00
1.00
1.00
1.00
0.00
1.00
0.00
0.00
1.00
2.00
2.00
1.00
3.00
2.00
1.00
1.00
2.00
3.00
2.00
2.00
2.00
1.00
2.00
1.00
2.00
0.00
2.00
1.00
1.00
2.00
1.00
3.00
2.00
2.00
2.00
2.00
2.00
2.00
1.00
2.00
2.00
2.00
2.00
1.00
1.00
0.00
1.00
2.00
2.00
0.00
2.00
2.00
0.00
1.00
2.00
1.00
2.00
2.00
2.00
2.00
0.00
1.00
2.00
2.00
2.00
1.00
0.00
1.00
2.00
1.00
2.00
1.00
2.00
2.00
0.00
2.00
1.00
2.00
1.00
2.00
2.00
2.00
2.00
2.00
2.00
1.00
1.00
2.00
1.00
1.00
1.00
1.00
2.00
1.00
2.00
2.00
1.00
0.00
0.00
2.00
1.00
2.00
1.00
1.00
2.00
1.00
1.00
2.00
2.00
2.00
2.00
2.00
1.00
2.00
1.00
2.00
2.00
3.00
1.00
0.00
1.00
2.00
2.00
1.00
1.00
3.00
2.00
1.00
2.00
2.00
0.00
1.00
2.00
2.00
2.00
2.00
2.00
0.00
1.00
1.00
1.00
2.00
1.00
2.00
2.00
1.00
2.00
2.00
2.00
2.00
2.00
1.00
1.00
1.00
1.00
0.00
1.00
2.00
2.00
2.00
2.00
2.00
1.00
2.00
2.00
2.00
1.00
1.00
1.00
2.00
1.00
1.00
1.00
2.00
1.00
2.00
2.00
2.00
2.00
2.00
2.00
0.00
1.00
0.00
1.00
1.00
2.00
1.00
2.00
1.00
0.00
2.00
1.00
2.00
2.00
1.00
2.00
2.00
2.00
2.00
2.00
2.00
1.00
1.00
2.00
2.00
1.00
1.00
1.00
2.00
2.00
2.00
1.00
2.00
1.00
1.00
2.00
2.00
1.00
2.00
0.00
1.00
1.00
1.00
2.00
2.00
2.00
2.00
2.00
1.00
2.00
1.00
1.00
2.00
1.00
2.00
1.00
1.00
1.00
2.00
1.00
1.00
3.00
2.00
1.00
1.00
2.00
1.00
1.00
1.00
2.00
1.00
1.00
1.00
1.00
1.00
2.00
1.00
1.00
2.00
1.00
0.00
1.00
1.00
2.00
1.00
1.00
2.00
2.00
0.00
2.00
2.00
2.00
1.00
1.00
2.00
1.00
1.00
1.00
2.00
1.00
1.00
2.00
1.00
1.00
1.00
2.00
1.00
1.00
2.00
2.00
1.00
2.00
2.00
2.00
2.00
0.00
2.00
2.00
1.00
2.00
1.00
1.00
2.00
0.00
1.00
0.00
2.00
1.00
1.00
4.00
0.00
2.00
1.00
1.00
2.00
1.00
1.00
2.00
1.00
3.00
2.00
1.00
3.00
0.00
1.00
1.00
1.00
2.00
1.00
1.00
0.00
0.00
2.00
2.00
1.00
1.00
1.00
2.00
1.00
1.00
2.00
2.00
1.00
2.00
2.00
1.00
