	0.98	0.02	5.00	2.49
	0.99	0.03	5.00	2.49
	1.00	0.05	5.00	2.49
	0.99	0.06	5.00	2.49
	1.00	0.08	5.00	2.49
	1.00	0.09	5.00	2.49
	1.00	0.10	5.00	2.49
	1.00	0.12	5.00	2.49
	1.01	0.13	5.00	2.49
	1.01	0.15	5.00	2.49
	1.01	0.16	5.00	2.49
	1.02	0.18	5.00	2.49
	1.02	0.19	5.00	2.49
	1.03	0.21	5.00	2.49
	1.03	0.22	5.00	2.49
	1.03	0.24	5.00	2.49
	1.04	0.25	5.00	2.49
	1.05	0.27	5.00	2.49
	1.05	0.28	5.00	2.49
	1.06	0.30	5.00	2.49
	1.07	0.31	5.00	2.50
	1.07	0.32	5.00	2.49
	1.08	0.34	5.00	2.49
	1.09	0.35	5.00	2.49
	1.09	0.37	5.00	2.49
	1.09	0.38	5.00	2.49
	1.10	0.39	5.00	2.49
	1.11	0.41	5.00	2.49
	1.12	0.42	5.00	2.49
	1.13	0.44	5.00	2.49
	1.14	0.45	5.00	2.49
	1.15	0.46	5.00	2.49
	1.15	0.48	5.00	2.49
	1.16	0.49	5.00	2.49
	1.17	0.50	5.00	2.49
	1.18	0.52	5.00	2.50
	1.19	0.53	5.00	2.49
	1.20	0.54	5.00	2.49
	1.21	0.55	5.00	2.49
	1.22	0.57	5.00	2.50
	1.23	0.58	5.00	2.49
	1.24	0.59	5.00	2.49
	1.25	0.60	5.00	2.49
	1.26	0.62	5.00	2.50
	1.27	0.63	5.00	2.49
	1.28	0.64	5.00	2.49
	1.29	0.65	5.00	2.49
	1.30	0.67	5.00	2.49
	1.31	0.68	5.00	2.49
	1.32	0.69	5.00	2.49
	1.33	0.70	5.00	2.49
	1.34	0.71	5.00	2.49
	1.35	0.72	5.00	2.49
	1.36	0.73	5.00	2.49
	1.37	0.75	5.00	2.49
	1.38	0.76	5.00	2.49
	1.40	0.77	5.00	2.50
	1.41	0.78	5.00	2.49
	1.42	0.79	5.00	2.49
	1.43	0.80	5.00	2.49
	1.44	0.81	5.00	2.49
	1.45	0.82	5.00	2.49
	1.46	0.83	5.00	2.50
	1.48	0.84	5.00	2.49
	1.49	0.85	5.00	2.49
	1.50	0.86	5.00	2.49
	1.51	0.87	5.00	2.49
	1.52	0.88	5.00	2.49
	1.53	0.89	5.00	2.49
	1.54	0.90	5.00	2.49
	1.55	0.91	5.00	2.49
	1.57	0.92	5.00	2.49
	1.58	0.93	5.00	2.49
	1.59	0.94	5.00	2.49
	1.60	0.95	5.00	2.49
	1.61	0.95	5.00	2.49
	1.62	0.96	5.00	2.49
	1.63	0.97	5.00	2.49
	1.65	0.98	5.00	2.50
	1.66	0.99	5.00	2.49
	1.67	1.00	5.00	2.49
	1.68	1.01	5.00	2.49
	1.69	1.01	5.00	2.49
	1.70	1.02	5.00	2.50
	1.72	1.03	5.00	2.50
	1.73	1.04	5.00	2.49
	1.74	1.04	5.00	2.49
	1.75	1.05	5.00	2.49
	1.76	1.06	5.00	2.49
	1.77	1.07	5.00	2.49
	1.78	1.07	5.00	2.49
	1.79	1.08	5.00	2.49
	1.80	1.09	5.00	2.50
	1.82	1.09	5.00	2.49
	1.83	1.10	4.62	2.49
	1.84	1.11	5.00	2.49
	1.86	1.11	4.29	2.50
	1.87	1.12	4.50	2.49
	1.88	1.13	4.52	2.49
	1.89	1.13	4.52	2.49
	1.90	1.14	4.50	2.49
	1.91	1.14	4.44	2.49
	1.92	1.15	3.99	2.49
	1.93	1.16	4.04	2.49
	1.94	1.16	4.03	2.49
	1.95	1.17	3.99	2.50
	1.96	1.17	3.60	2.49
	1.97	1.18	3.59	2.49
	1.99	1.18	3.21	2.49
	1.99	1.19	3.67	2.49
	2.01	1.19	3.19	2.49
	2.01	1.20	3.59	2.49
	2.03	1.20	3.06	2.49
	2.03	1.21	3.44	2.49
	2.04	1.21	3.66	2.49
	2.05	1.21	3.41	2.49
	2.06	1.22	2.83	2.49
	2.07	1.22	3.17	2.49
	2.08	1.23	2.99	2.49
	2.09	1.23	2.84	2.49
	2.09	1.24	3.09	2.49
	2.10	1.24	2.85	2.49
	2.11	1.24	2.66	2.49
	2.12	1.25	2.89	2.49
	2.13	1.25	2.63	2.49
	2.13	1.25	2.82	2.49
	2.14	1.26	2.53	2.50
	2.15	1.26	2.37	2.49
	2.16	1.26	2.53	2.49
	2.16	1.27	2.65	2.49
	2.17	1.27	2.70	2.49
	2.17	1.27	2.34	2.49
	2.18	1.28	2.45	2.49
	2.18	1.28	2.51	2.49
	2.19	1.28	2.53	2.49
	2.20	1.29	2.14	2.49
	2.20	1.29	2.24	2.49
	2.21	1.29	2.29	2.49
	2.21	1.30	2.30	2.49
	2.22	1.30	2.29	2.49
	2.23	1.30	1.88	2.49
	2.23	1.30	1.97	2.50
	2.23	1.31	2.45	2.49
	2.24	1.31	1.90	2.49
	2.24	1.31	2.31	2.49
	2.25	1.31	2.19	2.49
	2.25	1.32	2.10	2.49
	2.25	1.32	2.41	2.50
	2.26	1.32	1.89	2.49
	2.26	1.32	2.20	2.49
	2.27	1.32	2.06	2.49
	2.27	1.33	1.94	2.49
	2.27	1.33	2.24	2.49
	2.28	1.33	2.04	2.49
	2.28	1.33	1.90	2.49
	2.28	1.34	2.18	2.49
	2.29	1.34	1.97	2.49
	2.29	1.34	2.20	2.49
	2.29	1.34	1.97	2.49
	2.30	1.34	1.80	2.49
	2.30	1.35	2.06	2.49
	2.30	1.35	2.23	2.49
	2.30	1.35	1.95	2.49
	2.30	1.35	2.14	2.49
	2.31	1.35	1.88	2.49
	2.31	1.36	2.08	2.49
	2.31	1.36	2.21	2.49
	2.31	1.36	2.29	2.49
	2.31	1.36	1.96	2.49
	2.31	1.36	2.12	2.49
	2.32	1.36	1.83	2.49
	2.32	1.37	2.02	2.50
	2.32	1.37	2.19	2.49
	2.32	1.37	2.21	2.49
	2.32	1.37	1.88	2.49
	2.32	1.37	2.03	2.49
	2.32	1.37	2.13	2.49
	2.32	1.38	2.20	2.49
	2.33	1.38	1.86	2.49
	2.32	1.38	2.39	2.49
	2.33	1.38	1.98	2.49
	2.33	1.38	2.08	2.50
	2.33	1.38	2.20	2.49
	2.33	1.39	1.81	2.49
	2.33	1.39	2.34	2.49
	2.33	1.39	2.32	2.49
	2.33	1.39	1.92	2.49
	2.33	1.39	2.04	2.49
	2.33	1.39	2.11	2.49
	2.33	1.40	2.15	2.49
	2.33	1.40	2.19	2.49
	2.33	1.40	2.21	2.49
	2.33	1.40	2.22	2.49
	2.33	1.40	2.23	2.49
	2.34	1.40	1.85	2.50
	2.33	1.41	2.42	2.49
	2.33	1.41	2.32	2.49
	2.33	1.41	2.30	2.49
	2.33	1.41	2.29	2.49
	2.33	1.41	2.28	2.49
	2.33	1.41	2.27	2.49
	2.34	1.42	1.89	2.49
	2.34	1.42	2.01	2.50
	2.33	1.42	2.52	2.49
	2.33	1.42	2.40	2.49
	2.34	1.42	1.97	2.49
	2.34	1.42	2.07	2.49
	2.33	1.43	2.51	2.49
	2.33	1.43	2.43	2.49
	2.33	1.43	2.38	2.50
	2.33	1.43	2.40	2.49
	2.34	1.43	1.95	2.49
	2.33	1.43	2.44	2.49
	2.33	1.43	2.39	2.49
	2.34	1.44	1.98	2.49
	2.34	1.44	2.08	2.49
	2.33	1.44	2.53	2.49
	2.33	1.44	2.45	2.49
	2.33	1.44	2.40	2.49
	2.33	1.44	2.37	2.49
	2.33	1.45	2.35	2.50
	2.34	1.45	2.01	2.50
	2.33	1.45	2.89	2.50
	2.33	1.45	2.34	2.49
	2.33	1.45	2.31	2.49
	2.33	1.45	2.32	2.49
	2.33	1.46	2.32	2.49
	2.33	1.46	2.33	2.49
	2.33	1.46	2.33	2.50
	2.34	1.46	2.01	2.49
	2.33	1.46	2.46	2.49
	2.33	1.46	2.42	2.49
	2.33	1.47	2.40	2.49
	2.33	1.47	2.38	2.49
	2.34	1.47	1.99	2.49
	2.33	1.47	2.49	2.49
	2.33	1.47	2.44	2.49
	2.33	1.47	2.42	2.49
	2.33	1.48	2.40	2.49
	2.33	1.48	2.77	2.49
	2.33	1.48	2.26	2.49
	2.33	1.48	2.31	2.50
	2.33	1.48	2.39	2.49
	2.33	1.48	2.35	2.49
	2.33	1.48	2.37	2.49
	2.33	1.49	2.37	2.49
	2.33	1.49	2.38	2.49
	2.33	1.49	2.39	2.49
	2.33	1.49	2.39	2.49
	2.33	1.49	2.39	2.49
	2.33	1.49	2.40	2.49
	2.33	1.50	2.40	2.49
	2.33	1.50	2.40	2.49
	2.33	1.50	2.41	2.49
	2.33	1.50	2.41	2.49
	2.33	1.50	2.41	2.49
	2.33	1.50	2.42	2.49
	2.33	1.51	2.42	2.49
	2.33	1.51	2.42	2.49
	2.33	1.51	2.81	2.49
	2.33	1.51	2.31	2.49
	2.33	1.51	2.35	2.49
	2.33	1.51	2.38	2.49
	2.33	1.52	2.40	2.49
	2.33	1.52	2.42	2.49
	2.33	1.52	2.43	2.49
	2.34	1.52	2.05	2.49
	2.33	1.52	2.56	2.49
	2.33	1.52	2.52	2.49
	2.33	1.53	2.50	2.49
	2.33	1.53	2.48	2.50
	2.33	1.53	2.53	2.49
	2.33	1.53	2.47	2.49
	2.33	1.53	2.47	2.49
	2.33	1.53	2.47	2.49
	2.33	1.53	2.47	2.49
	2.34	1.54	2.09	2.49
	2.33	1.54	2.60	2.49
	2.33	1.54	2.55	2.49
	2.34	1.54	2.15	2.49
	2.34	1.54	2.25	2.49
	2.33	1.54	2.70	2.49
	2.33	1.55	2.62	2.49
	2.33	1.55	2.58	2.49
	2.34	1.55	2.17	2.49
	2.34	1.55	2.27	2.49
	2.34	1.55	2.34	2.49
	2.34	1.55	2.38	2.49
	2.34	1.56	2.41	2.49
	2.34	1.56	2.43	2.50
	2.34	1.56	2.49	2.49
	2.34	1.56	2.45	2.49
	2.34	1.56	2.45	2.49
	2.34	1.56	2.46	2.49
	2.34	1.56	2.46	2.50
	2.34	1.57	2.52	2.49
	2.34	1.57	2.47	2.49
	2.34	1.57	2.47	2.49
	2.34	1.57	2.10	2.49
	2.34	1.57	2.22	2.49
	2.34	1.57	2.68	2.49
	2.34	1.58	2.61	2.49
	2.34	1.58	2.57	2.49
	2.34	1.58	2.54	2.49
	2.34	1.58	2.14	2.49
	2.34	1.58	2.26	2.49
	2.34	1.58	2.71	2.49
	2.34	1.58	2.25	2.49
	2.34	1.59	2.33	2.49
	2.34	1.59	2.38	2.49
	2.34	1.59	2.79	2.49
	2.34	1.59	2.69	2.49
	2.34	1.59	2.25	2.50
	2.34	1.59	2.38	2.49
	2.34	1.60	2.76	2.49
	2.34	1.60	2.29	2.49
	2.34	1.60	2.36	2.49
	2.34	1.60	2.41	2.49
	2.34	1.60	2.43	2.49
	2.34	1.60	2.45	2.49
	2.34	1.60	2.47	2.50
	2.35	1.61	2.15	2.49
	2.35	1.61	2.22	2.49
	2.34	1.61	2.68	2.49
	2.34	1.61	2.62	2.49
	2.34	1.61	2.57	2.49
	2.35	1.61	2.17	2.49
	2.34	1.62	2.65	2.49
	2.35	1.62	2.22	2.49
	2.34	1.62	2.69	2.49
	2.35	1.62	2.24	2.49
	2.35	1.62	2.32	2.49
	2.35	1.62	2.38	2.50
	2.34	1.62	2.84	2.49
	2.34	1.63	2.69	2.49
	2.35	1.63	2.25	2.49
	2.35	1.63	2.33	2.49
	2.35	1.63	2.39	2.49
	2.35	1.63	2.42	2.49
	2.35	1.63	2.44	2.49
	2.35	1.63	2.08	2.49
	2.35	1.64	2.59	2.49
	2.35	1.64	2.56	2.49
	2.35	1.64	2.53	2.49
	2.35	1.64	2.14	2.49
	2.35	1.64	2.63	2.49
	2.35	1.64	2.59	2.49
	2.35	1.64	2.17	2.49
	2.35	1.65	2.66	2.49
	2.35	1.65	2.22	2.49
	2.35	1.65	2.31	2.50
	2.35	1.65	2.80	2.49
	2.35	1.65	2.28	2.49
	2.35	1.65	2.35	2.49
	2.35	1.65	2.78	2.49
	2.35	1.66	2.30	2.49
	2.35	1.66	2.75	2.50
	2.35	1.66	2.72	2.49
	2.35	1.66	2.24	2.49
	2.35	1.66	2.33	2.49
	2.35	1.66	2.38	2.49
	2.35	1.66	2.42	2.49
	2.35	1.67	2.45	2.49
	2.36	1.67	2.08	2.49
	2.35	1.67	2.60	2.49
	2.36	1.67	2.18	2.49
	2.35	1.67	2.66	2.49
	2.36	1.67	2.22	2.49
	2.36	1.67	2.30	2.49
	2.35	1.68	2.74	2.49
	2.36	1.68	2.27	2.49
	2.35	1.68	2.72	2.49
	2.36	1.68	2.26	2.50
	2.36	1.68	2.39	2.49
	2.36	1.68	2.38	2.49
	2.36	1.68	2.42	2.49
	2.36	1.69	2.44	2.49
	2.36	1.69	2.45	2.49
	2.36	1.69	2.46	2.50
	2.36	1.69	2.52	2.49
	2.36	1.69	2.47	2.50
	2.36	1.69	2.53	2.49
	2.36	1.69	2.10	2.50
	2.36	1.70	2.65	2.49
	2.36	1.70	2.56	2.49
	2.36	1.70	2.54	2.49
	2.36	1.70	2.52	2.49
	2.36	1.70	2.13	2.49
	2.36	1.70	2.25	2.49
	2.36	1.70	2.70	2.49
	2.36	1.70	2.25	2.49
	2.36	1.71	2.32	2.50
	2.36	1.71	2.42	2.49
	2.36	1.71	2.79	2.49
	2.36	1.71	2.69	2.49
	2.36	1.71	2.24	2.49
	2.36	1.71	2.71	2.49
	2.36	1.71	2.26	2.49
	2.36	1.72	2.72	2.49
	2.36	1.72	2.26	2.49
	2.36	1.72	2.34	2.49
	2.36	1.72	2.39	2.49
	2.36	1.72	2.42	2.49
	2.36	1.72	2.44	2.49
	2.36	1.72	2.46	2.49
	2.37	1.72	2.09	2.49
	2.36	1.73	2.60	2.49
	2.36	1.73	2.56	2.49
	2.36	1.73	2.53	2.49
	2.37	1.73	2.14	2.49
	2.36	1.73	2.63	2.50
	2.36	1.73	2.64	2.49
	2.36	1.73	2.55	2.49
	2.36	1.74	2.53	2.49
	2.37	1.74	2.14	2.49
	2.36	1.74	2.64	2.49
	2.37	1.74	2.21	2.49
	2.36	1.74	2.68	2.49
	2.37	1.74	2.24	2.49
	2.37	1.74	2.32	2.49
	2.37	1.74	2.37	2.49
	2.37	1.75	2.41	2.49
	2.37	1.75	2.43	2.49
	2.37	1.75	2.45	2.49
	2.37	1.75	2.46	2.49
	2.37	1.75	2.46	2.49
	2.37	1.75	2.47	2.49
	2.37	1.75	2.47	2.49
	2.37	1.75	2.48	2.49
	2.37	1.76	2.48	2.49
	2.37	1.76	2.48	2.49
	2.37	1.76	2.49	2.49
	2.37	1.76	2.49	2.49
	2.37	1.76	2.11	2.49
	2.37	1.76	2.23	2.49
	2.37	1.76	2.69	2.49
	2.37	1.76	2.62	2.50
	2.37	1.77	2.25	2.49
	2.37	1.77	2.29	2.49
	2.37	1.77	2.73	2.49
	2.37	1.77	2.65	2.49
	2.37	1.77	2.60	2.49
	2.37	1.77	2.19	2.49
	2.37	1.77	2.29	2.49
	2.37	1.77	2.74	2.49
	2.37	1.78	2.27	2.49
	2.37	1.78	2.35	2.49
	2.38	1.78	2.01	2.49
	2.37	1.78	2.54	2.49
	2.37	1.78	2.52	2.49
	2.37	1.78	2.50	2.49
	2.38	1.78	2.11	2.49
	2.37	1.78	2.61	2.49
	2.37	1.79	2.57	2.49
	2.38	1.79	2.15	2.50
	2.37	1.79	2.69	2.49
	2.37	1.79	2.59	2.49
	2.37	1.79	2.55	2.50
	2.37	1.79	2.58	2.49
	2.37	1.79	2.52	2.49
	2.37	1.79	2.51	2.49
	2.37	1.80	2.51	2.49
	2.38	1.80	2.12	2.49
	2.38	1.80	2.24	2.49
	2.38	1.80	2.32	2.49
	2.38	1.80	2.37	2.49
	2.38	1.80	2.40	2.49
	2.38	1.80	2.42	2.49
	2.38	1.80	2.44	2.49
	2.38	1.80	2.45	2.49
	2.38	1.81	2.46	2.49
	2.38	1.81	2.46	2.49
	2.38	1.81	2.46	2.49
	2.38	1.81	2.47	2.49
	2.38	1.81	2.47	2.49
	2.38	1.81	2.47	2.49
	2.38	1.81	2.48	2.49
	2.38	1.81	2.48	2.49
	2.38	1.82	2.48	2.49
	2.38	1.82	2.48	2.49
	2.38	1.82	2.48	2.49
	2.38	1.82	2.49	2.49
	2.38	1.82	2.49	2.49
	2.38	1.82	2.11	2.49
	2.38	1.82	2.61	2.49
	2.38	1.82	2.57	2.49
	2.38	1.82	2.54	2.49
	2.38	1.83	2.53	2.49
	2.38	1.83	2.14	2.49
	2.38	1.83	2.25	2.49
	2.38	1.83	2.71	2.49
	2.38	1.83	2.64	2.49
	2.38	1.83	2.21	2.49
	2.38	1.83	2.30	2.49
	2.38	1.83	2.74	2.49
	2.38	1.83	2.28	2.49
	2.38	1.84	2.35	2.49
	2.38	1.84	2.39	2.49
	2.38	1.84	2.42	2.49
	2.38	1.84	2.82	2.49
	2.38	1.84	2.33	2.49
	2.38	1.84	2.39	2.50
	2.38	1.84	2.47	2.49
	2.38	1.84	2.44	2.49
	2.38	1.85	2.46	2.49
	2.38	1.85	2.47	2.49
	2.39	1.85	2.09	2.49
	2.38	1.85	2.60	2.49
	2.39	1.85	2.18	2.49
	2.38	1.85	2.66	2.49
	2.38	1.85	2.60	2.49
	2.38	1.85	2.56	2.49
	2.38	1.85	2.54	2.49
	2.38	1.86	2.52	2.49
	2.38	1.86	2.52	2.49
	2.39	1.86	2.13	2.49
	2.38	1.86	2.63	2.49
	2.39	1.86	2.20	2.49
	2.39	1.86	2.30	2.49
	2.38	1.86	2.74	2.50
	2.39	1.86	2.33	2.49
	2.39	1.86	2.34	2.49
	2.39	1.87	2.39	2.49
	2.38	1.87	2.80	2.49
	2.39	1.87	2.31	2.49
	2.39	1.87	2.37	2.49
	2.39	1.87	2.03	2.49
	2.38	1.87	2.94	2.49
	2.39	1.87	2.40	2.49
	2.39	1.87	2.43	2.50
	2.39	1.87	2.50	2.49
	2.39	1.87	2.46	2.49
	2.39	1.88	2.47	2.49
	2.39	1.88	2.47	2.50
	2.39	1.88	2.15	2.49
	2.39	1.88	2.60	2.49
	2.39	1.88	2.56	2.49
	2.39	1.88	2.54	2.49
	2.39	1.88	2.52	2.49
	2.39	1.88	2.51	2.49
	2.39	1.88	2.51	2.49
	2.39	1.89	2.50	2.49
	2.39	1.89	2.50	2.49
	2.39	1.89	2.12	2.49
	2.39	1.89	2.62	2.49
	2.39	1.89	2.20	2.49
	2.39	1.89	2.68	2.49
	2.39	1.89	2.62	2.49
	2.39	1.89	2.20	2.49
	2.39	1.89	2.68	2.49
	2.39	1.90	2.62	2.49
	2.39	1.90	2.20	2.49
	2.39	1.90	2.30	2.49
	2.39	1.90	2.36	2.49
	2.39	1.90	2.40	2.49
	2.39	1.90	2.81	2.49
	2.39	1.90	2.32	2.49
	2.39	1.90	2.38	2.49
	2.39	1.90	2.03	2.49
	2.39	1.90	2.56	2.50
	2.39	1.91	2.58	2.49
	2.39	1.91	2.51	2.49
	2.39	1.91	2.50	2.49
	2.39	1.91	2.50	2.49
	2.39	1.91	2.49	2.49
	2.39	1.91	2.49	2.49
	2.39	1.91	2.49	2.49
	2.39	1.91	2.11	2.49
	2.39	1.91	2.61	2.50
	2.39	1.91	2.62	2.50
	2.39	1.92	2.60	2.49
	2.39	1.92	2.53	2.49
	2.39	1.92	2.14	2.49
	2.39	1.92	2.63	2.49
	2.39	1.92	2.59	2.49
	2.39	1.92	2.18	2.49
	2.39	1.92	2.28	2.50
	2.39	1.92	2.40	2.49
	2.39	1.92	2.77	2.49
	2.39	1.92	2.68	2.49
	2.39	1.93	2.24	2.50
	2.39	1.93	2.37	2.49
	2.39	1.93	2.37	2.49
	2.39	1.93	2.41	2.49
	2.39	1.93	2.81	2.50
	2.39	1.93	2.38	2.49
	2.39	1.93	2.38	2.49
	2.39	1.93	2.80	2.50
	2.39	1.93	2.37	2.49
	2.39	1.93	2.38	2.49
	2.39	1.94	2.42	2.49
	2.39	1.94	2.44	2.49
	2.39	1.94	2.46	2.50
	2.39	1.94	2.52	2.49
	2.39	1.94	2.48	2.49
	2.39	1.94	2.48	2.49
	2.40	1.94	2.10	2.49
	2.39	1.94	2.61	2.49
	2.39	1.94	2.57	2.49
	2.40	1.94	2.16	2.49
	2.40	1.95	2.26	2.49
	2.39	1.95	2.71	2.49
	2.40	1.95	2.25	2.50
	2.39	1.95	2.76	2.49
	2.40	1.95	2.25	2.50
	2.40	1.95	2.38	2.49
	2.39	1.95	2.76	2.49
	2.40	1.95	2.28	2.50
	2.40	1.95	2.40	2.49
	2.40	1.95	2.39	2.49
	2.40	1.96	2.42	2.49
	2.39	1.96	2.82	2.49
	2.40	1.96	2.32	2.49
	2.40	1.96	2.38	2.49
	2.40	1.96	2.41	2.50
	2.40	1.96	2.10	2.49
	2.40	1.96	2.57	2.50
	2.40	1.96	2.59	2.49
	2.40	1.96	2.13	2.49
	2.40	1.96	2.62	2.49
	2.40	1.96	2.57	2.49
	2.40	1.97	2.54	2.49
	2.40	1.97	2.52	2.49
	2.40	1.97	2.12	2.49
	2.40	1.97	2.62	2.49
	2.40	1.97	2.57	2.50
	2.40	1.97	2.59	2.49
	2.40	1.97	2.52	2.49
	2.40	1.97	2.51	2.49
	2.40	1.97	2.50	2.49
	2.40	1.97	2.50	2.49
	2.40	1.97	2.50	2.49
	2.40	1.98	2.50	2.49
	2.40	1.98	2.12	2.49
	2.40	1.98	2.62	2.49
	2.40	1.98	2.58	2.49
	2.40	1.98	2.55	2.50
	2.40	1.98	2.20	2.49
	2.40	1.98	2.64	2.49
	2.40	1.98	2.21	2.49
	2.40	1.98	2.30	2.49
	2.40	1.98	2.36	2.49
	2.40	1.98	2.40	2.49
	2.40	1.99	2.80	2.49
	2.40	1.99	2.70	2.49
	2.40	1.99	2.25	2.49
	2.40	1.99	2.71	2.49
	2.40	1.99	2.26	2.49
	2.40	1.99	2.34	2.49
	2.40	1.99	2.39	2.49
	2.40	1.99	2.42	2.49
	2.40	1.99	2.44	2.49
	2.40	1.99	2.45	2.49
	2.40	1.99	2.84	2.50
	2.40	2.00	2.40	2.50
	2.40	2.00	2.45	2.49
	2.40	2.00	2.43	2.49
	2.40	2.00	2.45	2.49
	2.40	2.00	2.46	2.49
	2.40	2.00	2.47	2.49
	2.40	2.00	2.48	2.49
	2.40	2.00	2.48	2.49
	2.40	2.00	2.49	2.49
	2.40	2.00	2.49	2.49
	2.40	2.00	2.49	2.49
	2.41	2.01	2.11	2.49
	2.41	2.01	2.23	2.49
	2.40	2.01	2.69	2.50
	2.40	2.01	2.67	2.49
	2.41	2.01	2.20	2.49
	2.40	2.01	2.67	2.50
	2.40	2.01	2.66	2.49
	2.40	2.01	2.57	2.49
	2.41	2.01	2.17	2.49
	2.41	2.01	2.27	2.49
	2.40	2.01	2.72	2.49
	2.40	2.01	2.65	2.49
	2.41	2.02	2.22	2.49
	2.41	2.02	2.31	2.49
	2.41	2.02	2.36	2.49
	2.41	2.02	2.40	2.49
	2.40	2.02	2.81	2.50
	2.41	2.02	2.37	2.50
	2.40	2.02	2.81	2.49
	2.41	2.02	2.29	2.49
	2.41	2.02	2.36	2.49
	2.41	2.02	2.40	2.49
	2.41	2.02	2.43	2.49
	2.41	2.02	2.45	2.49
	2.41	2.03	2.46	2.49
	2.41	2.03	2.47	2.49
	2.40	2.03	2.85	2.49
	2.41	2.03	2.36	2.50
	2.41	2.03	2.45	2.50
	2.41	2.03	2.49	2.49
	2.41	2.03	2.45	2.49
	2.41	2.03	2.47	2.49
	2.41	2.03	2.48	2.49
	2.41	2.03	2.10	2.49
	2.41	2.03	2.61	2.49
	2.41	2.03	2.57	2.49
	2.41	2.04	2.16	2.49
	2.41	2.04	2.26	2.49
	2.41	2.04	2.71	2.49
	2.41	2.04	2.25	2.49
	2.41	2.04	2.71	2.49
	2.41	2.04	2.63	2.50
	2.41	2.04	2.26	2.49
	2.41	2.04	2.29	2.49
	2.41	2.04	2.74	2.49
	2.41	2.04	2.65	2.49
	2.41	2.04	2.60	2.49
	2.41	2.04	2.19	2.49
	2.41	2.05	2.67	2.49
	2.41	2.05	2.23	2.49
	2.41	2.05	2.32	2.49
	2.41	2.05	2.37	2.49
	2.41	2.05	2.40	2.49
	2.41	2.05	2.43	2.49
	2.41	2.05	2.44	2.49
	2.41	2.05	2.45	2.49
	2.41	2.05	2.46	2.49
	2.41	2.05	2.46	2.49
	2.41	2.05	2.47	2.49
	2.41	2.05	2.47	2.49
	2.41	2.05	2.47	2.49
	2.41	2.06	2.47	2.50
	2.41	2.06	2.91	2.49
	2.41	2.06	2.36	2.50
	2.41	2.06	2.46	2.49
	2.41	2.06	2.43	2.49
	2.41	2.06	2.45	2.49
	2.41	2.06	2.85	2.49
	2.41	2.06	2.35	2.49
	2.41	2.06	2.40	2.49
	2.41	2.06	2.43	2.49
	2.41	2.06	2.46	2.49
	2.41	2.06	2.47	2.49
	2.42	2.07	2.10	2.49
	2.41	2.07	2.61	2.49
	2.41	2.07	2.57	2.50
	2.41	2.07	2.59	2.49
	2.41	2.07	2.53	2.50
	2.41	2.07	2.57	2.49
	2.41	2.07	2.51	2.49
	2.41	2.07	2.51	2.49
	2.42	2.07	2.13	2.49
	2.42	2.07	2.25	2.49
	2.41	2.07	2.70	2.50
	2.42	2.07	2.30	2.50
	2.41	2.07	2.76	2.49
	2.41	2.08	2.64	2.49
	2.42	2.08	2.21	2.49
	2.41	2.08	2.68	2.49
	2.41	2.08	2.62	2.49
	2.42	2.08	2.20	2.49
	2.41	2.08	2.68	2.49
	2.42	2.08	2.24	2.49
	2.42	2.08	2.32	2.49
	2.42	2.08	2.38	2.49
	2.42	2.08	2.41	2.49
	2.42	2.08	2.43	2.49
	2.42	2.08	2.45	2.49
	2.42	2.08	2.46	2.49
	2.42	2.09	2.46	2.49
	2.42	2.09	2.47	2.49
	2.42	2.09	2.09	2.49
	2.42	2.09	2.60	2.49
	2.42	2.09	2.55	2.49
	2.42	2.09	2.53	2.50
	2.42	2.09	2.56	2.49
	2.42	2.09	2.50	2.49
	2.42	2.09	2.50	2.49
	2.42	2.09	2.49	2.49
	2.41	2.09	2.87	2.49
	2.42	2.09	2.37	2.49
	2.42	2.09	2.03	2.50
	2.42	2.09	2.62	2.49
	2.42	2.10	2.54	2.49
	2.42	2.10	2.52	2.49
	2.42	2.10	2.51	2.49
	2.42	2.10	2.51	2.49
	2.42	2.10	2.50	2.49
	2.42	2.10	2.50	2.49
	2.42	2.10	2.50	2.49
	2.42	2.10	2.12	2.49
	2.42	2.10	2.62	2.49
	2.42	2.10	2.58	2.49
	2.42	2.10	2.55	2.49
	2.42	2.10	2.15	2.49
	2.42	2.10	2.65	2.49
	2.42	2.10	2.60	2.49
	2.42	2.11	2.57	2.50
	2.42	2.11	2.60	2.49
	2.42	2.11	2.15	2.49
	2.42	2.11	2.27	2.49
	2.42	2.11	2.34	2.49
	2.42	2.11	2.38	2.49
	2.42	2.11	2.80	2.50
	2.42	2.11	2.37	2.49
	2.42	2.11	2.37	2.49
	2.42	2.11	2.79	2.49
	2.42	2.11	2.31	2.49
	2.42	2.11	2.37	2.49
	2.42	2.11	2.41	2.50
	2.42	2.11	2.48	2.49
	2.42	2.12	2.45	2.49
	2.42	2.12	2.84	2.49
	2.42	2.12	2.35	2.49
	2.42	2.12	2.39	2.49
	2.42	2.12	2.43	2.49
	2.42	2.12	2.45	2.49
	2.42	2.12	2.46	2.49
	2.42	2.12	2.47	2.50
	2.42	2.12	2.53	2.49
	2.42	2.12	2.48	2.49
	2.42	2.12	2.86	2.49
	2.42	2.12	2.36	2.49
	2.42	2.12	2.41	2.49
	2.42	2.12	2.44	2.49
	2.42	2.13	2.46	2.49
	2.42	2.13	2.47	2.49
	2.43	2.13	2.10	2.49
	2.42	2.13	2.61	2.49
	2.42	2.13	2.57	2.49
	2.42	2.13	2.54	2.49
	2.42	2.13	2.53	2.49
	2.42	2.13	2.52	2.49
	2.42	2.13	2.51	2.49
	2.42	2.13	2.51	2.49
	2.42	2.13	2.51	2.49
	2.42	2.13	2.51	2.49
	2.43	2.13	2.12	2.49
	2.42	2.13	2.63	2.49
	2.42	2.13	2.58	2.49
	2.43	2.14	2.17	2.50
	2.43	2.14	2.33	2.49
	2.42	2.14	2.73	2.49
	2.42	2.14	2.65	2.49
	2.42	2.14	2.60	2.49
	2.42	2.14	2.57	2.49
	2.42	2.14	2.55	2.50
	2.42	2.14	2.59	2.49
	2.42	2.14	2.53	2.50
	2.42	2.14	2.58	2.49
	2.43	2.14	2.14	2.49
	2.43	2.14	2.26	2.49
	2.43	2.14	2.34	2.49
	2.42	2.14	2.77	2.49
	2.42	2.14	2.68	2.49
	2.43	2.15	2.24	2.49
	2.43	2.15	2.33	2.49
	2.43	2.15	2.38	2.49
	2.43	2.15	2.42	2.49
	2.43	2.15	2.44	2.49
	2.43	2.15	2.46	2.49
	2.43	2.15	2.46	2.49
	2.43	2.15	2.47	2.49
	2.42	2.15	2.86	2.49
	2.43	2.15	2.36	2.49
	2.43	2.15	2.41	2.49
	2.42	2.15	2.82	2.49
	2.42	2.15	2.72	2.49
	2.43	2.15	2.27	2.49
	2.43	2.15	2.35	2.49
	2.43	2.16	2.40	2.49
	2.43	2.16	2.44	2.49
	2.43	2.16	2.46	2.50
	2.43	2.16	2.14	2.49
	2.43	2.16	2.60	2.49
	2.43	2.16	2.56	2.49
	2.43	2.16	2.54	2.49
	2.43	2.16	2.52	2.49
	2.43	2.16	2.13	2.50
	2.43	2.16	2.68	2.49
	2.43	2.16	2.58	2.49
	2.43	2.16	2.55	2.49
	2.43	2.16	2.15	2.49
	2.43	2.16	2.65	2.49
	2.43	2.16	2.60	2.49
	2.43	2.16	2.56	2.49
	2.43	2.17	2.54	2.49
	2.43	2.17	2.53	2.50
	2.43	2.17	2.19	2.49
	2.43	2.17	2.64	2.49
	2.43	2.17	2.21	2.49
	2.43	2.17	2.69	2.50
	2.43	2.17	2.29	2.49
	2.43	2.17	2.32	2.49
	2.43	2.17	2.76	2.49
	2.43	2.17	2.67	2.49
	2.43	2.17	2.23	2.49
	2.43	2.17	2.32	2.49
	2.43	2.17	2.37	2.49
	2.43	2.17	2.79	2.49
	2.43	2.17	2.69	2.49
	2.43	2.17	2.25	2.49
	2.43	2.18	2.71	2.49
	2.43	2.18	2.26	2.49
	2.43	2.18	2.34	2.49
	2.43	2.18	2.77	2.49
	2.43	2.18	2.30	2.49
	2.43	2.18	2.37	2.49
	2.43	2.18	2.79	2.49
	2.43	2.18	2.31	2.49
	2.43	2.18	2.38	2.49
	2.43	2.18	2.41	2.49
	2.43	2.18	2.44	2.49
	2.43	2.18	2.46	2.49
	2.43	2.18	2.47	2.49
	2.43	2.18	2.47	2.49
	2.43	2.18	2.48	2.49
	2.43	2.18	2.48	2.49
	2.43	2.18	2.49	2.49
	2.43	2.19	2.49	2.49
	2.43	2.19	2.49	2.49
	2.43	2.19	2.49	2.49
	2.43	2.19	2.49	2.49
	2.43	2.19	2.49	2.49
	2.44	2.19	2.11	2.49
	2.43	2.19	2.62	2.49
	2.43	2.19	2.57	2.49
	2.43	2.19	2.55	2.49
	2.43	2.19	2.53	2.49
	2.44	2.19	2.14	2.49
	2.43	2.19	2.63	2.49
	2.43	2.19	2.59	2.49
	2.43	2.19	2.56	2.49
	2.43	2.19	2.54	2.49
	2.43	2.19	2.53	2.49
	2.43	2.19	2.52	2.49
	2.44	2.20	2.13	2.49
	2.43	2.20	2.63	2.49
	2.44	2.20	2.21	2.50
	2.44	2.20	2.35	2.49
	2.43	2.20	2.74	2.49
	2.43	2.20	2.66	2.49
	2.44	2.20	2.22	2.49
	2.43	2.20	2.69	2.49
	2.43	2.20	2.63	2.49
	2.43	2.20	2.59	2.50
	2.43	2.20	2.61	2.49
	2.44	2.20	2.16	2.49
	2.44	2.20	2.28	2.49
	2.43	2.20	2.73	2.49
	2.44	2.20	2.27	2.49
	2.44	2.20	2.34	2.49
	2.44	2.20	2.39	2.49
	2.44	2.20	2.42	2.49
	2.43	2.21	2.82	2.49
	2.44	2.21	2.33	2.49
	2.44	2.21	2.38	2.49
	2.44	2.21	2.42	2.49
	2.44	2.21	2.44	2.49
	2.43	2.21	2.84	2.49
	2.44	2.21	2.34	2.49
	2.44	2.21	2.39	2.49
	2.44	2.21	2.42	2.49
	2.44	2.21	2.45	2.49
	2.43	2.21	2.84	2.49
	2.44	2.21	2.35	2.49
	2.44	2.21	2.40	2.49
	2.44	2.21	2.43	2.49
	2.44	2.21	2.45	2.49
	2.44	2.21	2.46	2.49
	2.44	2.21	2.47	2.49
	2.44	2.21	2.48	2.49
	2.44	2.22	2.48	2.49
	2.44	2.22	2.49	2.49
	2.44	2.22	2.49	2.49
	2.44	2.22	2.49	2.49
	2.44	2.22	2.49	2.49
	2.43	2.22	2.87	2.49
	2.44	2.22	2.37	2.49
	2.44	2.22	2.42	2.49
	2.44	2.22	2.45	2.49
	2.44	2.22	2.47	2.49
	2.44	2.22	2.48	2.49
	2.44	2.22	2.49	2.49
	2.44	2.22	2.49	2.49
	2.44	2.22	2.50	2.49
	2.44	2.22	2.50	2.49
	2.44	2.22	2.50	2.49
	2.44	2.22	2.50	2.49
	2.44	2.22	2.12	2.49
	2.44	2.22	2.24	2.49
	2.44	2.23	2.32	2.49
	2.44	2.23	2.75	2.49
	2.44	2.23	2.66	2.49
	2.44	2.23	2.61	2.49
	2.44	2.23	2.57	2.49
	2.44	2.23	2.17	2.49
	2.44	2.23	2.66	2.49
	2.44	2.23	2.60	2.49
	2.44	2.23	2.19	2.49
	2.44	2.23	2.29	2.49
	2.44	2.23	2.74	2.49
	2.44	2.23	2.66	2.49
	2.44	2.23	2.22	2.49
	2.44	2.23	2.31	2.49
	2.44	2.23	2.75	2.49
	2.44	2.23	2.67	2.49
	2.44	2.23	2.61	2.49
	2.44	2.23	2.20	2.49
	2.44	2.23	2.30	2.50
	2.44	2.24	2.80	2.49
	2.44	2.24	2.66	2.49
	2.44	2.24	2.23	2.49
	2.44	2.24	2.32	2.49
	2.44	2.24	2.38	2.49
	2.44	2.24	2.80	2.49
	2.44	2.24	2.32	2.49
	2.44	2.24	2.38	2.49
	2.44	2.24	2.41	2.49
	2.44	2.24	2.44	2.49
	2.44	2.24	2.84	2.49
	2.44	2.24	2.34	2.49
	2.44	2.24	2.39	2.49
	2.44	2.24	2.43	2.49
	2.44	2.24	2.83	2.49
	2.44	2.24	2.72	2.49
	2.44	2.24	2.66	2.49
	2.44	2.24	2.23	2.49
	2.44	2.24	2.32	2.50
	2.44	2.24	2.44	2.49
	2.44	2.25	2.42	2.49
	2.44	2.25	2.45	2.49
	2.44	2.25	2.46	2.49
	2.44	2.25	2.47	2.49
	2.44	2.25	2.86	2.49
	2.44	2.25	2.36	2.49
	2.44	2.25	2.41	2.49
	2.45	2.25	2.06	2.49
	2.44	2.25	2.58	2.49
	2.44	2.25	2.55	2.49
	2.44	2.25	2.53	2.49
	2.44	2.25	2.52	2.49
	2.44	2.25	2.51	2.49
	2.44	2.25	2.89	2.49
	2.44	2.25	2.38	2.49
	2.44	2.25	2.43	2.49
	2.44	2.25	2.46	2.49
	2.44	2.25	2.47	2.49
	2.44	2.25	2.48	2.49
	2.45	2.25	2.11	2.49
	2.44	2.25	2.62	2.49
	2.45	2.26	2.20	2.49
	2.44	2.26	2.67	2.49
	2.44	2.26	2.61	2.49
	2.44	2.26	2.57	2.49
	2.44	2.26	2.55	2.49
	2.44	2.26	2.54	2.49
	2.44	2.26	2.53	2.49
	2.44	2.26	2.52	2.49
	2.45	2.26	2.14	2.49
	2.45	2.26	2.26	2.49
	2.44	2.26	2.71	2.50
	2.45	2.26	2.31	2.49
	2.45	2.26	2.33	2.49
	2.44	2.26	2.76	2.49
	2.45	2.26	2.29	2.49
	2.44	2.26	2.74	2.49
	2.44	2.26	2.66	2.49
	2.45	2.26	2.23	2.49
	2.45	2.26	2.32	2.49
	2.44	2.26	2.75	2.49
	2.44	2.26	2.67	2.49
	2.45	2.27	2.23	2.49
	2.45	2.27	2.32	2.49
	2.45	2.27	2.38	2.49
	2.44	2.27	2.79	2.49
	2.44	2.27	2.70	2.50
	2.44	2.27	2.69	2.49
	2.45	2.27	2.21	2.49
	2.44	2.27	2.69	2.49
	2.44	2.27	2.63	2.49
	2.45	2.27	2.21	2.49
	2.45	2.27	2.31	2.49
	2.45	2.27	2.37	2.49
	2.45	2.27	2.41	2.49
	2.45	2.27	2.44	2.50
	2.44	2.27	2.89	2.49
	2.45	2.27	2.34	2.49
	2.45	2.27	2.40	2.49
	2.45	2.27	2.43	2.49
	2.44	2.27	2.83	2.49
	2.45	2.27	2.34	2.49
	2.45	2.27	2.01	2.49
	2.45	2.27	2.55	2.49
	2.45	2.28	2.53	2.49
	2.45	2.28	2.51	2.49
	2.45	2.28	2.51	2.49
	2.45	2.28	2.50	2.49
	2.45	2.28	2.50	2.49
	2.44	2.28	2.88	2.49
	2.45	2.28	2.37	2.49
	2.45	2.28	2.42	2.49
	2.45	2.28	2.45	2.49
	2.45	2.28	2.46	2.49
	2.45	2.28	2.48	2.50
	2.45	2.28	2.54	2.49
	2.45	2.28	2.49	2.49
	2.45	2.28	2.49	2.49
	2.45	2.28	2.50	2.50
	2.45	2.28	2.55	2.49
	2.45	2.28	2.50	2.49
	2.45	2.28	2.50	2.49
	2.45	2.28	2.50	2.50
	2.45	2.28	2.55	2.49
	2.45	2.28	2.12	2.49
	2.45	2.28	2.62	2.49
	2.45	2.29	2.58	2.49
	2.44	2.29	2.94	2.49
	2.45	2.29	2.42	2.49
	2.45	2.29	2.45	2.50
	2.45	2.29	2.52	2.49
	2.45	2.29	2.49	2.49
	2.45	2.29	2.49	2.49
	2.45	2.29	2.12	2.49
	2.45	2.29	2.24	2.49
	2.45	2.29	2.32	2.49
	2.45	2.29	2.76	2.49
	2.45	2.29	2.67	2.49
	2.45	2.29	2.61	2.49
	2.45	2.29	2.58	2.49
	2.45	2.29	2.55	2.49
	2.45	2.29	2.54	2.49
	2.45	2.29	2.15	2.49
	2.45	2.29	2.27	2.49
	2.45	2.29	2.34	2.49
	2.45	2.29	2.77	2.49
	2.45	2.29	2.30	2.49
	2.45	2.29	2.74	2.49
	2.45	2.29	2.28	2.49
	2.45	2.29	2.35	2.49
	2.45	2.30	2.39	2.49
	2.45	2.30	2.80	2.49
	2.45	2.30	2.32	2.50
	2.45	2.30	2.43	2.49
	2.45	2.30	2.41	2.50
	2.45	2.30	2.87	2.49
	2.45	2.30	2.71	2.49
	2.45	2.30	2.26	2.49
	2.45	2.30	2.34	2.49
	2.45	2.30	2.39	2.49
	2.45	2.30	2.80	2.49
	2.45	2.30	2.32	2.49
	2.45	2.30	2.76	2.49
	2.45	2.30	2.68	2.49
	2.45	2.30	2.24	2.50
	2.45	2.30	2.38	2.49
	2.45	2.30	2.39	2.49
	2.45	2.30	2.42	2.49
	2.45	2.30	2.83	2.49
	2.45	2.30	2.34	2.49
	2.45	2.30	2.39	2.49
	2.45	2.30	2.43	2.49
	2.45	2.30	2.45	2.49
	2.45	2.30	2.46	2.49
	2.45	2.31	2.47	2.49
	2.45	2.31	2.48	2.49
	2.45	2.31	2.48	2.49
	2.45	2.31	2.49	2.49
	2.45	2.31	2.87	2.50
	2.45	2.31	2.42	2.49
	2.45	2.31	2.41	2.49
	2.45	2.31	2.44	2.49
	2.45	2.31	2.46	2.49
	2.45	2.31	2.86	2.49
	2.45	2.31	2.36	2.49
	2.45	2.31	2.41	2.49
	2.45	2.31	2.44	2.49
	2.45	2.31	2.46	2.49
	2.45	2.31	2.47	2.49
	2.45	2.31	2.48	2.49
	2.45	2.31	2.49	2.49
	2.45	2.31	2.49	2.49
	2.45	2.31	2.50	2.49
	2.45	2.31	2.50	2.49
	2.45	2.31	2.50	2.49
	2.45	2.31	2.50	2.49
	2.45	2.31	2.50	2.49
	2.45	2.31	2.50	2.49
	2.45	2.31	2.50	2.49
	2.46	2.32	2.12	2.50
	2.45	2.32	2.68	2.50
	2.46	2.32	2.25	2.50
	2.45	2.32	2.73	2.49
	2.45	2.32	2.61	2.49
	2.45	2.32	2.58	2.49
	2.46	2.32	2.17	2.50
	2.45	2.32	2.71	2.49
	2.45	2.32	2.60	2.49
	2.45	2.32	2.57	2.49
	2.45	2.32	2.55	2.49
	2.45	2.32	2.54	2.49
	2.45	2.32	2.53	2.49
	2.46	2.32	2.14	2.49
	2.45	2.32	2.64	2.49
	2.45	2.32	2.59	2.49
	2.45	2.32	2.57	2.49
	2.45	2.32	2.55	2.49
	2.46	2.32	2.15	2.49
	2.45	2.32	2.65	2.49
	2.45	2.32	2.60	2.50
	2.45	2.32	2.62	2.49
	2.46	2.32	2.17	2.49
	2.46	2.32	1.90	2.49
	2.46	2.32	2.47	2.49
	2.46	2.32	2.47	2.50
	2.46	2.33	2.52	2.49
	2.46	2.33	2.47	2.49
	2.45	2.33	2.85	2.49
	2.46	2.33	2.35	2.49
	2.45	2.33	2.78	2.50
	2.46	2.33	2.35	2.49
	2.46	2.33	2.37	2.49
	2.46	2.33	2.41	2.49
	2.46	2.33	2.43	2.49
	2.46	2.33	2.45	2.49
	2.46	2.33	2.46	2.49
	2.46	2.33	2.08	2.49
	2.46	2.33	2.59	2.50
	2.45	2.33	2.98	2.49
	2.45	2.33	2.78	2.49
	2.46	2.33	2.31	2.49
	2.46	2.33	2.37	2.49
	2.46	2.33	2.41	2.49
	2.45	2.33	2.82	2.49
	2.46	2.33	2.33	2.49
	2.46	2.33	2.39	2.49
	2.46	2.33	2.42	2.49
	2.46	2.33	2.44	2.49
	2.45	2.33	2.84	2.49
	2.46	2.33	2.35	2.49
	2.46	2.33	2.40	2.49
	2.46	2.33	2.43	2.49
	2.46	2.33	2.45	2.49
	2.46	2.33	2.46	2.49
	2.46	2.34	2.47	2.49
	2.46	2.34	2.48	2.49
	2.46	2.34	2.48	2.49
	2.46	2.34	2.48	2.49
	2.46	2.34	2.49	2.49
	2.46	2.34	2.49	2.49
	2.46	2.34	2.49	2.49
	2.45	2.34	2.87	2.49
	2.46	2.34	2.37	2.49
	2.46	2.34	2.41	2.49
	2.46	2.34	2.44	2.49
	2.46	2.34	2.46	2.49
	2.46	2.34	2.47	2.49
	2.45	2.34	2.86	2.49
	2.46	2.34	2.37	2.49
	2.46	2.34	2.41	2.49
	2.46	2.34	2.44	2.49
	2.46	2.34	2.46	2.49
	2.46	2.34	2.48	2.50
	2.46	2.34	2.15	2.49
	2.46	2.34	2.61	2.49
	2.46	2.34	2.57	2.49
	2.46	2.34	2.54	2.49
	2.46	2.34	2.53	2.49
	2.46	2.34	2.52	2.49
	2.46	2.34	2.51	2.49
	2.46	2.34	2.51	2.49
	2.46	2.34	2.51	2.49
	2.46	2.35	2.51	2.49
	2.46	2.35	2.51	2.49
	2.46	2.35	2.51	2.49
	2.46	2.35	2.51	2.49
	2.46	2.35	2.51	2.49
	2.46	2.35	2.51	2.49
	2.46	2.35	2.51	2.49
	2.46	2.35	2.51	2.49
	2.46	2.35	2.51	2.49
	2.46	2.35	2.51	2.50
	2.46	2.35	2.18	2.49
	2.46	2.35	2.63	2.49
	2.46	2.35	2.59	2.49
	2.46	2.35	2.18	2.49
	2.46	2.35	2.28	2.49
	2.46	2.35	2.35	2.49
	2.46	2.35	2.77	2.49
	2.46	2.35	2.68	2.49
	2.46	2.35	2.24	2.49
	2.46	2.35	2.70	2.49
	2.46	2.35	2.63	2.49
	2.46	2.35	2.59	2.49
	2.46	2.35	2.56	2.49
	2.46	2.35	2.16	2.49
	2.46	2.35	2.27	2.49
	2.46	2.35	2.73	2.49
	2.46	2.35	2.65	2.49
	2.46	2.35	2.60	2.50
	2.46	2.35	2.62	2.49
	2.46	2.35	2.55	2.49
	2.46	2.36	2.54	2.50
	2.46	2.36	2.59	2.49
	2.46	2.36	2.53	2.49
	2.46	2.36	2.53	2.49
	2.46	2.36	2.14	2.49
	2.46	2.36	2.65	2.49
	2.46	2.36	2.60	2.49
	2.46	2.36	2.19	2.49
	2.46	2.36	2.68	2.49
	2.46	2.36	2.62	2.49
	2.46	2.36	2.59	2.49
	2.46	2.36	2.18	2.49
	2.46	2.36	2.29	2.49
	2.46	2.36	2.36	2.49
	2.46	2.36	2.40	2.49
	2.46	2.36	2.43	2.49
	2.46	2.36	2.45	2.50
	2.46	2.36	2.51	2.49
	2.46	2.36	2.85	2.49
	2.46	2.36	2.73	2.49
	2.46	2.36	2.28	2.49
	2.46	2.36	2.35	2.49
	2.46	2.36	2.40	2.49
	2.46	2.36	2.43	2.50
	2.46	2.36	2.50	2.49
	2.46	2.36	2.46	2.49
	2.46	2.36	2.47	2.49
	2.46	2.36	2.86	2.50
	2.46	2.36	2.41	2.49
	2.46	2.36	2.40	2.49
	2.46	2.36	2.43	2.49
	2.46	2.36	2.45	2.49
	2.46	2.37	2.85	2.49
	2.46	2.37	2.73	2.49
	2.46	2.37	2.28	2.49
	2.46	2.37	2.36	2.49
	2.46	2.37	2.40	2.49
	2.46	2.37	2.44	2.49
	2.46	2.37	2.46	2.49
	2.46	2.37	2.47	2.49
	2.46	2.37	2.48	2.49
	2.46	2.37	2.86	2.49
	2.46	2.37	2.36	2.50
	2.46	2.37	2.85	2.49
	2.46	2.37	2.32	2.49
	2.46	2.37	2.38	2.49
	2.46	2.37	2.81	2.49
	2.46	2.37	2.33	2.49
	2.46	2.37	2.39	2.49
	2.46	2.37	2.43	2.49
	2.46	2.37	2.45	2.49
	2.46	2.37	2.85	2.49
	2.46	2.37	2.36	2.49
	2.47	2.37	2.03	2.49
	2.46	2.37	2.56	2.50
	2.46	2.37	2.59	2.49
	2.46	2.37	2.52	2.49
	2.46	2.37	2.90	2.49
	2.46	2.37	2.39	2.49
	2.46	2.37	2.43	2.49
	2.46	2.37	2.46	2.49
	2.46	2.37	2.47	2.49
	2.46	2.37	2.48	2.49
	2.47	2.37	2.11	2.49
	2.46	2.37	2.62	2.49
	2.46	2.38	2.57	2.49
	2.46	2.38	2.55	2.49
	2.46	2.38	2.53	2.49
	2.46	2.38	2.52	2.49
	2.46	2.38	2.52	2.49
	2.46	2.38	2.51	2.49
	2.46	2.38	2.51	2.49
	2.46	2.38	2.51	2.49
	2.46	2.38	2.51	2.49
	2.47	2.38	2.13	2.49
	2.46	2.38	2.63	2.50
	2.46	2.38	2.64	2.49
	2.47	2.38	2.18	2.49
	2.46	2.38	2.66	2.49
	2.46	2.38	2.61	2.49
	2.46	2.38	2.57	2.49
	2.47	2.38	2.17	2.49
	2.47	2.38	2.27	2.50
	2.46	2.38	2.78	2.49
	2.46	2.38	2.65	2.49
	2.47	2.38	2.22	2.49
	2.46	2.38	2.69	2.49
	2.47	2.38	2.24	2.49
	2.47	2.38	2.32	2.49
	2.46	2.38	2.76	2.49
	2.46	2.38	2.67	2.49
	2.47	2.38	2.23	2.50
	2.46	2.38	2.75	2.49
	2.46	2.38	2.63	2.49
	2.46	2.38	2.59	2.49
	2.47	2.38	2.18	2.49
	2.47	2.38	2.29	2.49
	2.46	2.38	2.73	2.49
	2.46	2.38	2.66	2.50
	2.46	2.38	2.66	2.49
	2.46	2.39	2.57	2.49
	2.47	2.39	2.17	2.49
	2.46	2.39	2.66	2.49
	2.47	2.39	2.23	2.49
	2.47	2.39	2.32	2.49
	2.47	2.39	2.37	2.49
	2.47	2.39	2.41	2.49
	2.47	2.39	2.43	2.49
	2.46	2.39	2.83	2.49
	2.47	2.39	2.34	2.49
	2.46	2.39	2.77	2.49
	2.47	2.39	2.30	2.49
	2.47	2.39	2.36	2.49
	2.46	2.39	2.78	2.49
	2.47	2.39	2.31	2.49
	2.47	2.39	2.37	2.49
	2.46	2.39	2.79	2.49
	2.47	2.39	2.31	2.49
	2.47	2.39	2.37	2.49
	2.47	2.39	2.41	2.49
	2.46	2.39	2.82	2.49
	2.46	2.39	2.71	2.49
	2.47	2.39	2.26	2.50
	2.47	2.39	2.39	2.49
	2.47	2.39	2.01	2.49
	2.47	2.39	2.54	2.50
	2.47	2.39	2.57	2.49
	2.47	2.39	2.51	2.49
	2.47	2.39	2.50	2.49
	2.47	2.39	2.49	2.49
	2.46	2.39	2.87	2.49
	2.46	2.39	2.75	2.50
	2.46	2.39	2.72	2.49
	2.47	2.39	2.24	2.49
	2.46	2.39	2.71	2.49
	2.46	2.39	2.65	2.49
	2.47	2.39	2.22	2.49
	2.47	2.39	2.32	2.50
	2.47	2.40	2.43	2.49
	2.47	2.40	2.42	2.49
	2.47	2.40	2.44	2.49
	2.47	2.40	2.46	2.50
	2.47	2.40	2.52	2.49
	2.47	2.40	2.48	2.49
	2.47	2.40	2.48	2.49
	2.46	2.40	2.87	2.49
	2.47	2.40	2.36	2.49
	2.47	2.40	2.41	2.49
	2.47	2.40	2.44	2.49
	2.47	2.40	2.46	2.49
	2.46	2.40	2.85	2.49
	2.47	2.40	2.36	2.49
	2.47	2.40	2.41	2.49
	2.47	2.40	2.44	2.49
	2.47	2.40	2.46	2.49
	2.47	2.40	2.47	2.49
	2.47	2.40	2.48	2.49
	2.47	2.40	2.48	2.49
	2.46	2.40	2.87	2.49
	2.46	2.40	2.75	2.49
	2.47	2.40	1.91	2.49
	2.47	2.40	2.49	2.49
	2.47	2.40	2.49	2.49
	2.47	2.40	2.49	2.49
	2.47	2.40	2.49	2.49
	2.47	2.40	2.11	2.49
	2.47	2.40	2.62	2.49
	2.47	2.40	2.57	2.49
	2.47	2.40	2.55	2.49
	2.47	2.40	2.53	2.49	
